1.589846 	 0.110000 	 1.333091e-02 	 2.255210e-02 	 2.255210e-02 	 1.333091e-02 	 4.834387e-17 	 1.794150e-02 
2.336975 	 0.210000 	 7.171038e-03 	 1.392404e-02 	 1.392404e-02 	 7.171038e-03 	 0.000000e+00 	 1.054754e-02 
2.903152 	 0.310000 	 4.088195e-03 	 9.080713e-03 	 9.080713e-03 	 4.088195e-03 	 0.000000e+00 	 6.584454e-03 
3.380634 	 0.410000 	 2.463661e-03 	 6.186260e-03 	 6.186260e-03 	 2.463661e-03 	 2.506849e-17 	 4.324961e-03 
3.803054 	 0.510000 	 1.571383e-03 	 4.367891e-03 	 4.367891e-03 	 1.571383e-03 	 1.825479e-17 	 2.969637e-03 
4.187180 	 0.610000 	 1.065107e-03 	 3.179723e-03 	 3.179723e-03 	 1.065107e-03 	 -5.108342e-17 	 2.122415e-03 
4.542801 	 0.710000 	 7.704442e-04 	 2.378728e-03 	 2.378728e-03 	 7.704442e-04 	 1.721408e-17 	 1.574586e-03 
4.876222 	 0.810000 	 5.954559e-04 	 1.824985e-03 	 1.824985e-03 	 5.954559e-04 	 2.239679e-17 	 1.210220e-03 
5.191783 	 0.910000 	 4.898220e-04 	 1.434179e-03 	 1.434179e-03 	 4.898220e-04 	 1.127029e-16 	 9.620003e-04 
5.492619 	 1.010000 	 4.251510e-04 	 1.153550e-03 	 1.153550e-03 	 4.251510e-04 	 3.433842e-17 	 7.893507e-04 
5.781089 	 1.110000 	 3.850270e-04 	 9.490367e-04 	 9.490367e-04 	 3.850270e-04 	 -2.031766e-17 	 6.670318e-04 
6.059013 	 1.210000 	 3.597706e-04 	 7.980603e-04 	 7.980603e-04 	 3.597706e-04 	 -7.023061e-17 	 5.789154e-04 
6.327836 	 1.310000 	 3.435862e-04 	 6.853219e-04 	 6.853219e-04 	 3.435862e-04 	 -5.268703e-17 	 5.144540e-04 
6.588726 	 1.410000 	 3.329622e-04 	 6.002568e-04 	 6.002568e-04 	 3.329622e-04 	 2.904469e-17 	 4.666095e-04 
6.842643 	 1.510000 	 3.257522e-04 	 5.354506e-04 	 5.354506e-04 	 3.257522e-04 	 0.000000e+00 	 4.306014e-04 
7.090388 	 1.610000 	 3.206367e-04 	 4.856257e-04 	 4.856257e-04 	 3.206367e-04 	 -3.361816e-17 	 4.031312e-04 
7.332638 	 1.710000 	 3.168018e-04 	 4.469789e-04 	 4.469789e-04 	 3.168018e-04 	 0.000000e+00 	 3.818904e-04 
7.569972 	 1.810000 	 3.137455e-04 	 4.167397e-04 	 4.167397e-04 	 3.137455e-04 	 -3.710555e-17 	 3.652426e-04 
7.802891 	 1.910000 	 3.111586e-04 	 3.928701e-04 	 3.928701e-04 	 3.111586e-04 	 -3.849993e-17 	 3.520144e-04 
8.031828 	 2.010000 	 3.088521e-04 	 3.738577e-04 	 3.738577e-04 	 3.088521e-04 	 0.000000e+00 	 3.413549e-04 
8.257167 	 2.110000 	 3.067111e-04 	 3.585715e-04 	 3.585715e-04 	 3.067111e-04 	 0.000000e+00 	 3.326413e-04 
8.479243 	 2.210000 	 3.046670e-04 	 3.461598e-04 	 3.461598e-04 	 3.046670e-04 	 0.000000e+00 	 3.254134e-04 
8.698358 	 2.310000 	 3.026794e-04 	 3.359767e-04 	 3.359767e-04 	 3.026794e-04 	 -4.244077e-17 	 3.193281e-04 
8.914780 	 2.410000 	 3.007253e-04 	 3.275297e-04 	 3.275297e-04 	 3.007253e-04 	 0.000000e+00 	 3.141275e-04 
9.128752 	 2.510000 	 2.987920e-04 	 3.204412e-04 	 3.204412e-04 	 2.987920e-04 	 0.000000e+00 	 3.096166e-04 
9.340493 	 2.610000 	 2.968729e-04 	 3.144201e-04 	 3.144201e-04 	 2.968729e-04 	 0.000000e+00 	 3.056465e-04 
9.550202 	 2.710000 	 2.949647e-04 	 3.092409e-04 	 3.092409e-04 	 2.949647e-04 	 0.000000e+00 	 3.021028e-04 
9.758061 	 2.810000 	 2.930662e-04 	 3.047281e-04 	 3.047281e-04 	 2.930662e-04 	 4.534177e-17 	 2.988972e-04 
9.964238 	 2.910000 	 2.911768e-04 	 3.007448e-04 	 3.007448e-04 	 2.911768e-04 	 0.000000e+00 	 2.959608e-04 
10.168886 	 3.010000 	 2.892966e-04 	 2.971834e-04 	 2.971834e-04 	 2.892966e-04 	 4.621650e-17 	 2.932400e-04 
10.372149 	 3.110000 	 2.874254e-04 	 2.939592e-04 	 2.939592e-04 	 2.874254e-04 	 4.662155e-17 	 2.906923e-04 
10.574158 	 3.210000 	 2.855633e-04 	 2.910054e-04 	 2.910054e-04 	 2.855633e-04 	 -4.701097e-17 	 2.882843e-04 
10.775037 	 3.310000 	 2.837099e-04 	 2.882688e-04 	 2.882688e-04 	 2.837099e-04 	 4.738823e-17 	 2.859893e-04 
10.974901 	 3.410000 	 2.818648e-04 	 2.857073e-04 	 2.857073e-04 	 2.818648e-04 	 0.000000e+00 	 2.837860e-04 
11.173858 	 3.510000 	 2.800276e-04 	 2.832870e-04 	 2.832870e-04 	 2.800276e-04 	 4.811708e-17 	 2.816573e-04 
11.372011 	 3.610000 	 2.781976e-04 	 2.809810e-04 	 2.809810e-04 	 2.781976e-04 	 4.847298e-17 	 2.795893e-04 
11.569456 	 3.710000 	 2.763742e-04 	 2.787676e-04 	 2.787676e-04 	 2.763742e-04 	 4.882547e-17 	 2.775709e-04 
11.766284 	 3.810000 	 2.745564e-04 	 2.766292e-04 	 2.766292e-04 	 2.745564e-04 	 4.917591e-17 	 2.755928e-04 
11.962581 	 3.910000 	 2.727437e-04 	 2.745518e-04 	 2.745518e-04 	 2.727437e-04 	 -4.952545e-17 	 2.736477e-04 
